-------------------------- BT to HMM ---------------------------------------------
NSYMBOLS: 150   NEpochs: 1000000 
sigma: 2.00    Symbol delta: 2   Ratio:  1.00
----------------------------------------------------------------------------------
 
Original  A matrix:
l1      0.000  1.000  0.000  0.000  0.000  0.000  0.000  0.000  0.000  0.000  0.000  0.000  0.000  0.000  0.000  0.000  

l2a1    0.000  0.000  0.900  0.100  0.000  0.000  0.000  0.000  0.000  0.000  0.000  0.000  0.000  0.000  0.000  0.000  

l2b1    0.000  0.000  0.000  0.200  0.000  0.800  0.000  0.000  0.000  0.000  0.000  0.000  0.000  0.000  0.000  0.000  

l2a2    0.000  0.000  0.000  0.000  0.900  0.000  0.000  0.000  0.000  0.000  0.000  0.000  0.000  0.000  0.000  0.100  

l2b2    0.000  0.000  0.000  0.000  0.000  0.900  0.000  0.000  0.000  0.000  0.000  0.000  0.000  0.000  0.000  0.100  

l345    0.000  0.000  0.000  0.000  0.000  0.000  1.000  0.000  0.000  0.000  0.000  0.000  0.000  0.000  0.000  0.000  

l6a1    0.000  0.000  0.000  0.000  0.000  0.000  0.000  0.900  0.000  0.100  0.000  0.000  0.000  0.000  0.000  0.000  

l6b1    0.000  0.000  0.000  0.000  0.000  0.000  0.000  0.000  0.200  0.000  0.800  0.000  0.000  0.000  0.000  0.000  

l6a2    0.000  0.000  0.000  0.000  0.000  0.000  0.000  0.000  0.000  0.900  0.000  0.000  0.000  0.000  0.000  0.100  

l6b2    0.000  0.000  0.000  0.000  0.000  0.000  0.000  0.000  0.000  0.000  0.900  0.000  0.000  0.000  0.000  0.100  

l789    0.000  0.000  0.000  0.000  0.000  0.000  0.000  0.000  0.000  0.000  0.000  1.000  0.000  0.000  0.000  0.000  

l10a1   0.000  0.000  0.000  0.000  0.000  0.000  0.000  0.000  0.000  0.000  0.000  0.000  0.900  0.000  0.000  0.100  

l10b1   0.000  0.000  0.000  0.000  0.000  0.000  0.000  0.000  0.000  0.000  0.000  0.000  0.000  0.750  0.000  0.250  

l10c1   0.000  0.000  0.000  0.000  0.000  0.000  0.000  0.000  0.000  0.000  0.000  0.000  0.000  0.000  0.500  0.500  

OutS    0.000  0.000  0.000  0.000  0.000  0.000  0.000  0.000  0.000  0.000  0.000  0.000  0.000  0.000  1.000  0.000  

OutF    0.000  0.000  0.000  0.000  0.000  0.000  0.000  0.000  0.000  0.000  0.000  0.000  0.000  0.000  0.000  1.000  

A-matrix row check
0 1.0
1 1.0
2 1.0
3 1.0
4 1.0
5 1.0
6 1.0
7 1.0
8 1.0
9 1.0
10 1.0
11 1.0
12 1.0
13 1.0
14 1.0
15 1.0
New A matrix:
l1      0.000  1.000  0.000  0.000  0.000  0.000  0.000  0.000  0.000  0.000  0.000  0.000  0.000  0.000  0.000  0.000  

l2a1    0.000  0.000  0.949  0.051  0.000  0.000  0.000  0.000  0.000  0.000  0.000  0.000  0.000  0.000  0.000  0.000  

l2b1    0.000  0.000  0.000  0.178  0.000  0.822  0.000  0.000  0.000  0.000  0.000  0.000  0.000  0.000  0.000  0.000  

l2a2    0.000  0.000  0.000  0.000  0.936  0.000  0.000  0.000  0.000  0.000  0.000  0.000  0.000  0.000  0.000  0.064  

l2b2    0.000  0.000  0.000  0.000  0.000  0.900  0.000  0.000  0.000  0.000  0.000  0.000  0.000  0.000  0.000  0.100  

l345    0.000  0.000  0.000  0.000  0.000  0.000  1.000  0.000  0.000  0.000  0.000  0.000  0.000  0.000  0.000  0.000  

l6a1    0.000  0.000  0.000  0.000  0.000  0.000  0.000  0.937  0.000  0.063  0.000  0.000  0.000  0.000  0.000  0.000  

l6b1    0.000  0.000  0.000  0.000  0.000  0.000  0.000  0.000  0.278  0.000  0.722  0.000  0.000  0.000  0.000  0.000  

l6a2    0.000  0.000  0.000  0.000  0.000  0.000  0.000  0.000  0.000  0.946  0.000  0.000  0.000  0.000  0.000  0.054  

l6b2    0.000  0.000  0.000  0.000  0.000  0.000  0.000  0.000  0.000  0.000  0.936  0.000  0.000  0.000  0.000  0.064  

l789    0.000  0.000  0.000  0.000  0.000  0.000  0.000  0.000  0.000  0.000  0.000  1.000  0.000  0.000  0.000  0.000  

l10a1   0.000  0.000  0.000  0.000  0.000  0.000  0.000  0.000  0.000  0.000  0.000  0.000  0.987  0.000  0.000  0.013  

l10b1   0.000  0.000  0.000  0.000  0.000  0.000  0.000  0.000  0.000  0.000  0.000  0.000  0.000  0.985  0.000  0.015  

l10c1   0.000  0.000  0.000  0.000  0.000  0.000  0.000  0.000  0.000  0.000  0.000  0.000  0.000  0.000  0.987  0.013  

OutS    0.000  0.000  0.000  0.000  0.000  0.000  0.000  0.000  0.000  0.000  0.000  0.000  0.000  0.000  1.000  0.000  

OutF    0.000  0.000  0.000  0.000  0.000  0.000  0.000  0.000  0.000  0.000  0.000  0.000  0.000  0.000  0.000  1.000  

RMS  A-matrix error: 0.050
RMS  A-matrix error: 0.15289370 (27 non zero elements)
Max  A-matrix error: 0.487
Anomalies:  None
Erasures :  []
