-------------------------- BT to HMM ---------------------------------------------
NSYMBOLS: 150   NEpochs: 1000 
sigma: 2.00    Symbol delta: 2   Ratio:  1.00
----------------------------------------------------------------------------------
 
Original A Matrix
l1      0.000  1.000  0.000  0.000  0.000  0.000  0.000  0.000  0.000  0.000  0.000  0.000  0.000  0.000  0.000  0.000  

l2a1    0.000  0.000  0.900  0.100  0.000  0.000  0.000  0.000  0.000  0.000  0.000  0.000  0.000  0.000  0.000  0.000  

l2b1    0.000  0.000  0.000  0.200  0.000  0.800  0.000  0.000  0.000  0.000  0.000  0.000  0.000  0.000  0.000  0.000  

l2a2    0.000  0.000  0.000  0.000  0.900  0.000  0.000  0.000  0.000  0.000  0.000  0.000  0.000  0.000  0.000  0.100  

l2b2    0.000  0.000  0.000  0.000  0.000  0.900  0.000  0.000  0.000  0.000  0.000  0.000  0.000  0.000  0.000  0.100  

l345    0.000  0.000  0.000  0.000  0.000  0.000  1.000  0.000  0.000  0.000  0.000  0.000  0.000  0.000  0.000  0.000  

l6a1    0.000  0.000  0.000  0.000  0.000  0.000  0.000  0.900  0.000  0.100  0.000  0.000  0.000  0.000  0.000  0.000  

l6b1    0.000  0.000  0.000  0.000  0.000  0.000  0.000  0.000  0.200  0.000  0.800  0.000  0.000  0.000  0.000  0.000  

l6a2    0.000  0.000  0.000  0.000  0.000  0.000  0.000  0.000  0.000  0.900  0.000  0.000  0.000  0.000  0.000  0.100  

l6b2    0.000  0.000  0.000  0.000  0.000  0.000  0.000  0.000  0.000  0.000  0.900  0.000  0.000  0.000  0.000  0.100  

l789    0.000  0.000  0.000  0.000  0.000  0.000  0.000  0.000  0.000  0.000  0.000  1.000  0.000  0.000  0.000  0.000  

l10a1   0.000  0.000  0.000  0.000  0.000  0.000  0.000  0.000  0.000  0.000  0.000  0.000  0.900  0.000  0.000  0.100  

l10b1   0.000  0.000  0.000  0.000  0.000  0.000  0.000  0.000  0.000  0.000  0.000  0.000  0.000  0.750  0.000  0.250  

l10c1   0.000  0.000  0.000  0.000  0.000  0.000  0.000  0.000  0.000  0.000  0.000  0.000  0.000  0.000  0.500  0.500  

OutS    0.000  0.000  0.000  0.000  0.000  0.000  0.000  0.000  0.000  0.000  0.000  0.000  0.000  0.000  0.000  1.000  

OutF    0.000  0.000  0.000  0.000  0.000  0.000  0.000  0.000  0.000  0.000  0.000  0.000  0.000  0.000  0.000  1.000  

New A Matrix
l1      0.000  1.000  0.000  0.000  0.000  0.000  0.000  0.000  0.000  0.000  0.000  0.000  0.000  0.000  0.000  0.000  

l2a1    0.000  0.000  0.869  0.131  0.000  0.000  0.000  0.000  0.000  0.000  0.000  0.000  0.000  0.000  0.000  0.000  

l2b1    0.000  0.000  0.000  0.248  0.000  0.752  0.000  0.000  0.000  0.000  0.000  0.000  0.000  0.000  0.000  0.000  

l2a2    0.000  0.000  0.000  0.000  0.971  0.000  0.000  0.000  0.000  0.000  0.000  0.000  0.000  0.000  0.000  0.029  

l2b2    0.000  0.000  0.000  0.000  0.000  0.908  0.000  0.000  0.000  0.000  0.000  0.000  0.000  0.000  0.000  0.092  

l345    0.000  0.000  0.000  0.000  0.000  0.000  1.000  0.000  0.000  0.000  0.000  0.000  0.000  0.000  0.000  0.000  

l6a1    0.000  0.000  0.000  0.000  0.000  0.000  0.000  0.966  0.000  0.034  0.000  0.000  0.000  0.000  0.000  0.000  

l6b1    0.000  0.000  0.000  0.000  0.000  0.000  0.000  0.000  0.162  0.000  0.838  0.000  0.000  0.000  0.000  0.000  

l6a2    0.000  0.000  0.000  0.000  0.000  0.000  0.000  0.000  0.000  0.865  0.000  0.000  0.000  0.000  0.000  0.135  

l6b2    0.000  0.000  0.000  0.000  0.000  0.000  0.000  0.000  0.000  0.000  0.790  0.000  0.000  0.000  0.000  0.210  

l789    0.000  0.000  0.000  0.000  0.000  0.000  0.000  0.000  0.000  0.000  0.000  1.000  0.000  0.000  0.000  0.000  

l10a1   0.000  0.000  0.000  0.000  0.000  0.000  0.000  0.000  0.000  0.000  0.000  0.000  0.991  0.000  0.000  0.009  

l10b1   0.000  0.000  0.000  0.000  0.000  0.000  0.000  0.000  0.000  0.000  0.000  0.000  0.000  0.972  0.000  0.028  

l10c1   0.000  0.000  0.000  0.000  0.000  0.000  0.000  0.000  0.000  0.000  0.000  0.000  0.000  0.000  0.944  0.056  

OutS    0.000  0.000  0.000  0.000  0.000  0.000  0.000  0.000  0.000  0.000  0.000  0.000  0.000  0.000  0.000  1.000  

OutF    0.000  0.000  0.000  0.000  0.000  0.000  0.000  0.000  0.000  0.000  0.000  0.000  0.000  0.000  0.000  1.000  

RMS  A-matrix error: 0.047
RMS  A-matrix error: 0.14476253 (27 non zero elements)
Max  A-matrix error: 0.472 (at 12 to 13)
Anomalies:  None
Erasures :  []
