-------------------------- BT to HMM ---------------------------------------------
NSYMBOLS: 150   NEpochs: 1000 
sigma: 2.00    Symbol delta: 2   Ratio:  1.00
----------------------------------------------------------------------------------
 
Original A Matrix
l1      0.000  1.000  0.000  0.000  0.000  0.000  0.000  0.000  0.000  0.000  0.000  0.000  0.000  0.000  0.000  0.000  

l2a1    0.000  0.000  0.900  0.100  0.000  0.000  0.000  0.000  0.000  0.000  0.000  0.000  0.000  0.000  0.000  0.000  

l2b1    0.000  0.000  0.000  0.200  0.000  0.800  0.000  0.000  0.000  0.000  0.000  0.000  0.000  0.000  0.000  0.000  

l2a2    0.000  0.000  0.000  0.000  0.900  0.000  0.000  0.000  0.000  0.000  0.000  0.000  0.000  0.000  0.000  0.100  

l2b2    0.000  0.000  0.000  0.000  0.000  0.900  0.000  0.000  0.000  0.000  0.000  0.000  0.000  0.000  0.000  0.100  

l345    0.000  0.000  0.000  0.000  0.000  0.000  1.000  0.000  0.000  0.000  0.000  0.000  0.000  0.000  0.000  0.000  

l6a1    0.000  0.000  0.000  0.000  0.000  0.000  0.000  0.900  0.000  0.100  0.000  0.000  0.000  0.000  0.000  0.000  

l6b1    0.000  0.000  0.000  0.000  0.000  0.000  0.000  0.000  0.200  0.000  0.800  0.000  0.000  0.000  0.000  0.000  

l6a2    0.000  0.000  0.000  0.000  0.000  0.000  0.000  0.000  0.000  0.900  0.000  0.000  0.000  0.000  0.000  0.100  

l6b2    0.000  0.000  0.000  0.000  0.000  0.000  0.000  0.000  0.000  0.000  0.900  0.000  0.000  0.000  0.000  0.100  

l789    0.000  0.000  0.000  0.000  0.000  0.000  0.000  0.000  0.000  0.000  0.000  1.000  0.000  0.000  0.000  0.000  

l10a1   0.000  0.000  0.000  0.000  0.000  0.000  0.000  0.000  0.000  0.000  0.000  0.000  0.900  0.000  0.000  0.100  

l10b1   0.000  0.000  0.000  0.000  0.000  0.000  0.000  0.000  0.000  0.000  0.000  0.000  0.000  0.750  0.000  0.250  

l10c1   0.000  0.000  0.000  0.000  0.000  0.000  0.000  0.000  0.000  0.000  0.000  0.000  0.000  0.000  0.500  0.500  

OutS    0.000  0.000  0.000  0.000  0.000  0.000  0.000  0.000  0.000  0.000  0.000  0.000  0.000  0.000  0.000  1.000  

OutF    0.000  0.000  0.000  0.000  0.000  0.000  0.000  0.000  0.000  0.000  0.000  0.000  0.000  0.000  0.000  1.000  

New A Matrix
l1      0.000  1.000  0.000  0.000  0.000  0.000  0.000  0.000  0.000  0.000  0.000  0.000  0.000  0.000  0.000  0.000  

l2a1    0.000  0.000  0.919  0.081  0.000  0.000  0.000  0.000  0.000  0.000  0.000  0.000  0.000  0.000  0.000  0.000  

l2b1    0.000  0.000  0.000  0.207  0.000  0.793  0.000  0.000  0.000  0.000  0.000  0.000  0.000  0.000  0.000  0.000  

l2a2    0.000  0.000  0.000  0.000  0.998  0.000  0.000  0.000  0.000  0.000  0.000  0.000  0.000  0.000  0.000  0.002  

l2b2    0.000  0.000  0.000  0.000  0.000  0.919  0.000  0.000  0.000  0.000  0.000  0.000  0.000  0.000  0.000  0.081  

l345    0.000  0.000  0.000  0.000  0.000  0.000  1.000  0.000  0.000  0.000  0.000  0.000  0.000  0.000  0.000  0.000  

l6a1    0.000  0.000  0.000  0.000  0.000  0.000  0.000  0.967  0.000  0.033  0.000  0.000  0.000  0.000  0.000  0.000  

l6b1    0.000  0.000  0.000  0.000  0.000  0.000  0.000  0.000  0.157  0.000  0.843  0.000  0.000  0.000  0.000  0.000  

l6a2    0.000  0.000  0.000  0.000  0.000  0.000  0.000  0.000  0.000  0.944  0.000  0.000  0.000  0.000  0.000  0.056  

l6b2    0.000  0.000  0.000  0.000  0.000  0.000  0.000  0.000  0.000  0.000  0.858  0.000  0.000  0.000  0.000  0.142  

l789    0.000  0.000  0.000  0.000  0.000  0.000  0.000  0.000  0.000  0.000  0.000  1.000  0.000  0.000  0.000  0.000  

l10a1   0.000  0.000  0.000  0.000  0.000  0.000  0.000  0.000  0.000  0.000  0.000  0.000  0.964  0.000  0.000  0.036  

l10b1   0.000  0.000  0.000  0.000  0.000  0.000  0.000  0.000  0.000  0.000  0.000  0.000  0.000  0.958  0.000  0.042  

l10c1   0.000  0.000  0.000  0.000  0.000  0.000  0.000  0.000  0.000  0.000  0.000  0.000  0.000  0.000  0.945  0.055  

OutS    0.000  0.000  0.000  0.000  0.000  0.000  0.000  0.000  0.000  0.000  0.000  0.000  0.000  0.000  0.000  1.000  

OutF    0.000  0.000  0.000  0.000  0.000  0.000  0.000  0.000  0.000  0.000  0.000  0.000  0.000  0.000  0.000  1.000  

RMS  A-matrix error: 0.046
RMS  A-matrix error: 0.14034242 (27 non zero elements)
Max  A-matrix error: 0.456 (at 12 to 13)
Anomalies:  None
Erasures :  []
