-------------------------- BT to HMM ---------------------------------------------
NSYMBOLS: 150   NEpochs: 1000 
sigma: 2.00    Symbol delta: 2   Ratio:  1.00
----------------------------------------------------------------------------------
 
Original A Matrix
l1      0.000  1.000  0.000  0.000  0.000  0.000  0.000  0.000  0.000  0.000  0.000  0.000  0.000  0.000  0.000  0.000  

l2a1    0.000  0.000  0.900  0.100  0.000  0.000  0.000  0.000  0.000  0.000  0.000  0.000  0.000  0.000  0.000  0.000  

l2b1    0.000  0.000  0.000  0.200  0.000  0.800  0.000  0.000  0.000  0.000  0.000  0.000  0.000  0.000  0.000  0.000  

l2a2    0.000  0.000  0.000  0.000  0.900  0.000  0.000  0.000  0.000  0.000  0.000  0.000  0.000  0.000  0.000  0.100  

l2b2    0.000  0.000  0.000  0.000  0.000  0.900  0.000  0.000  0.000  0.000  0.000  0.000  0.000  0.000  0.000  0.100  

l345    0.000  0.000  0.000  0.000  0.000  0.000  1.000  0.000  0.000  0.000  0.000  0.000  0.000  0.000  0.000  0.000  

l6a1    0.000  0.000  0.000  0.000  0.000  0.000  0.000  0.900  0.000  0.100  0.000  0.000  0.000  0.000  0.000  0.000  

l6b1    0.000  0.000  0.000  0.000  0.000  0.000  0.000  0.000  0.200  0.000  0.800  0.000  0.000  0.000  0.000  0.000  

l6a2    0.000  0.000  0.000  0.000  0.000  0.000  0.000  0.000  0.000  0.900  0.000  0.000  0.000  0.000  0.000  0.100  

l6b2    0.000  0.000  0.000  0.000  0.000  0.000  0.000  0.000  0.000  0.000  0.900  0.000  0.000  0.000  0.000  0.100  

l789    0.000  0.000  0.000  0.000  0.000  0.000  0.000  0.000  0.000  0.000  0.000  1.000  0.000  0.000  0.000  0.000  

l10a1   0.000  0.000  0.000  0.000  0.000  0.000  0.000  0.000  0.000  0.000  0.000  0.000  0.900  0.000  0.000  0.100  

l10b1   0.000  0.000  0.000  0.000  0.000  0.000  0.000  0.000  0.000  0.000  0.000  0.000  0.000  0.750  0.000  0.250  

l10c1   0.000  0.000  0.000  0.000  0.000  0.000  0.000  0.000  0.000  0.000  0.000  0.000  0.000  0.000  0.500  0.500  

OutS    0.000  0.000  0.000  0.000  0.000  0.000  0.000  0.000  0.000  0.000  0.000  0.000  0.000  0.000  0.000  1.000  

OutF    0.000  0.000  0.000  0.000  0.000  0.000  0.000  0.000  0.000  0.000  0.000  0.000  0.000  0.000  0.000  1.000  

New A Matrix
l1      0.000  1.000  0.000  0.000  0.000  0.000  0.000  0.000  0.000  0.000  0.000  0.000  0.000  0.000  0.000  0.000  

l2a1    0.000  0.000  0.911  0.089  0.000  0.000  0.000  0.000  0.000  0.000  0.000  0.000  0.000  0.000  0.000  0.000  

l2b1    0.000  0.000  0.000  0.210  0.000  0.790  0.000  0.000  0.000  0.000  0.000  0.000  0.000  0.000  0.000  0.000  

l2a2    0.000  0.000  0.000  0.000  1.000  0.000  0.000  0.000  0.000  0.000  0.000  0.000  0.000  0.000  0.000  0.000  

l2b2    0.000  0.000  0.000  0.000  0.000  0.937  0.000  0.000  0.000  0.000  0.000  0.000  0.000  0.000  0.000  0.063  

l345    0.000  0.000  0.000  0.000  0.000  0.000  1.000  0.000  0.000  0.000  0.000  0.000  0.000  0.000  0.000  0.000  

l6a1    0.000  0.000  0.000  0.000  0.000  0.000  0.000  0.951  0.000  0.049  0.000  0.000  0.000  0.000  0.000  0.000  

l6b1    0.000  0.000  0.000  0.000  0.000  0.000  0.000  0.000  0.172  0.000  0.828  0.000  0.000  0.000  0.000  0.000  

l6a2    0.000  0.000  0.000  0.000  0.000  0.000  0.000  0.000  0.000  0.846  0.000  0.000  0.000  0.000  0.000  0.154  

l6b2    0.000  0.000  0.000  0.000  0.000  0.000  0.000  0.000  0.000  0.000  0.725  0.000  0.000  0.000  0.000  0.275  

l789    0.000  0.000  0.000  0.000  0.000  0.000  0.000  0.000  0.000  0.000  0.000  1.000  0.000  0.000  0.000  0.000  

l10a1   0.000  0.000  0.000  0.000  0.000  0.000  0.000  0.000  0.000  0.000  0.000  0.000  0.930  0.000  0.000  0.070  

l10b1   0.000  0.000  0.000  0.000  0.000  0.000  0.000  0.000  0.000  0.000  0.000  0.000  0.000  0.853  0.000  0.147  

l10c1   0.000  0.000  0.000  0.000  0.000  0.000  0.000  0.000  0.000  0.000  0.000  0.000  0.000  0.000  0.963  0.037  

OutS    0.000  0.000  0.000  0.000  0.000  0.000  0.000  0.000  0.000  0.000  0.000  0.000  0.000  0.000  0.000  1.000  

OutF    0.000  0.000  0.000  0.000  0.000  0.000  0.000  0.000  0.000  0.000  0.000  0.000  0.000  0.000  0.000  1.000  

RMS  A-matrix error: 0.046
RMS  A-matrix error: 0.14264711 (27 non zero elements)
Max  A-matrix error: 0.681 (at 13 to 14)
Anomalies:  None
Erasures :  []
-------------------------- BT to HMM ---------------------------------------------
NSYMBOLS: 150   NEpochs: 1000 
sigma: 2.00    Symbol delta: 2   Ratio:  1.00
----------------------------------------------------------------------------------
 
Original A Matrix
l1      0.000  1.000  0.000  0.000  0.000  0.000  0.000  0.000  0.000  0.000  0.000  0.000  0.000  0.000  0.000  0.000  

l2a1    0.000  0.000  0.900  0.100  0.000  0.000  0.000  0.000  0.000  0.000  0.000  0.000  0.000  0.000  0.000  0.000  

l2b1    0.000  0.000  0.000  0.200  0.000  0.800  0.000  0.000  0.000  0.000  0.000  0.000  0.000  0.000  0.000  0.000  

l2a2    0.000  0.000  0.000  0.000  0.900  0.000  0.000  0.000  0.000  0.000  0.000  0.000  0.000  0.000  0.000  0.100  

l2b2    0.000  0.000  0.000  0.000  0.000  0.900  0.000  0.000  0.000  0.000  0.000  0.000  0.000  0.000  0.000  0.100  

l345    0.000  0.000  0.000  0.000  0.000  0.000  1.000  0.000  0.000  0.000  0.000  0.000  0.000  0.000  0.000  0.000  

l6a1    0.000  0.000  0.000  0.000  0.000  0.000  0.000  0.900  0.000  0.100  0.000  0.000  0.000  0.000  0.000  0.000  

l6b1    0.000  0.000  0.000  0.000  0.000  0.000  0.000  0.000  0.200  0.000  0.800  0.000  0.000  0.000  0.000  0.000  

l6a2    0.000  0.000  0.000  0.000  0.000  0.000  0.000  0.000  0.000  0.900  0.000  0.000  0.000  0.000  0.000  0.100  

l6b2    0.000  0.000  0.000  0.000  0.000  0.000  0.000  0.000  0.000  0.000  0.900  0.000  0.000  0.000  0.000  0.100  

l789    0.000  0.000  0.000  0.000  0.000  0.000  0.000  0.000  0.000  0.000  0.000  1.000  0.000  0.000  0.000  0.000  

l10a1   0.000  0.000  0.000  0.000  0.000  0.000  0.000  0.000  0.000  0.000  0.000  0.000  0.900  0.000  0.000  0.100  

l10b1   0.000  0.000  0.000  0.000  0.000  0.000  0.000  0.000  0.000  0.000  0.000  0.000  0.000  0.750  0.000  0.250  

l10c1   0.000  0.000  0.000  0.000  0.000  0.000  0.000  0.000  0.000  0.000  0.000  0.000  0.000  0.000  0.500  0.500  

OutS    0.000  0.000  0.000  0.000  0.000  0.000  0.000  0.000  0.000  0.000  0.000  0.000  0.000  0.000  0.000  1.000  

OutF    0.000  0.000  0.000  0.000  0.000  0.000  0.000  0.000  0.000  0.000  0.000  0.000  0.000  0.000  0.000  1.000  

New A Matrix
l1      0.000  1.000  0.000  0.000  0.000  0.000  0.000  0.000  0.000  0.000  0.000  0.000  0.000  0.000  0.000  0.000  

l2a1    0.000  0.000  0.868  0.132  0.000  0.000  0.000  0.000  0.000  0.000  0.000  0.000  0.000  0.000  0.000  0.000  

l2b1    0.000  0.000  0.000  0.224  0.000  0.776  0.000  0.000  0.000  0.000  0.000  0.000  0.000  0.000  0.000  0.000  

l2a2    0.000  0.000  0.000  0.000  0.872  0.000  0.000  0.000  0.000  0.000  0.000  0.000  0.000  0.000  0.000  0.128  

l2b2    0.000  0.000  0.000  0.000  0.000  0.915  0.000  0.000  0.000  0.000  0.000  0.000  0.000  0.000  0.000  0.085  

l345    0.000  0.000  0.000  0.000  0.000  0.000  1.000  0.000  0.000  0.000  0.000  0.000  0.000  0.000  0.000  0.000  

l6a1    0.000  0.000  0.000  0.000  0.000  0.000  0.000  0.953  0.000  0.047  0.000  0.000  0.000  0.000  0.000  0.000  

l6b1    0.000  0.000  0.000  0.000  0.000  0.000  0.000  0.000  0.225  0.000  0.775  0.000  0.000  0.000  0.000  0.000  

l6a2    0.000  0.000  0.000  0.000  0.000  0.000  0.000  0.000  0.000  0.990  0.000  0.000  0.000  0.000  0.000  0.010  

l6b2    0.000  0.000  0.000  0.000  0.000  0.000  0.000  0.000  0.000  0.000  0.970  0.000  0.000  0.000  0.000  0.030  

l789    0.000  0.000  0.000  0.000  0.000  0.000  0.000  0.000  0.000  0.000  0.000  1.000  0.000  0.000  0.000  0.000  

l10a1   0.000  0.000  0.000  0.000  0.000  0.000  0.000  0.000  0.000  0.000  0.000  0.000  0.998  0.000  0.000  0.002  

l10b1   0.000  0.000  0.000  0.000  0.000  0.000  0.000  0.000  0.000  0.000  0.000  0.000  0.000  0.982  0.000  0.018  

l10c1   0.000  0.000  0.000  0.000  0.000  0.000  0.000  0.000  0.000  0.000  0.000  0.000  0.000  0.000  0.996  0.004  

OutS    0.000  0.000  0.000  0.000  0.000  0.000  0.000  0.000  0.000  0.000  0.000  0.000  0.000  0.000  0.000  1.000  

OutF    0.000  0.000  0.000  0.000  0.000  0.000  0.000  0.000  0.000  0.000  0.000  0.000  0.000  0.000  0.000  1.000  

RMS  A-matrix error: 0.051
RMS  A-matrix error: 0.15592774 (27 non zero elements)
Max  A-matrix error: 0.704 (at 13 to 14)
Anomalies:  None
Erasures :  []
-------------------------- BT to HMM ---------------------------------------------
NSYMBOLS: 150   NEpochs: 1000 
sigma: 2.00    Symbol delta: 2   Ratio:  1.00
----------------------------------------------------------------------------------
 
Original A Matrix
l1      0.000  1.000  0.000  0.000  0.000  0.000  0.000  0.000  0.000  0.000  0.000  0.000  0.000  0.000  0.000  0.000  

l2a1    0.000  0.000  0.900  0.100  0.000  0.000  0.000  0.000  0.000  0.000  0.000  0.000  0.000  0.000  0.000  0.000  

l2b1    0.000  0.000  0.000  0.200  0.000  0.800  0.000  0.000  0.000  0.000  0.000  0.000  0.000  0.000  0.000  0.000  

l2a2    0.000  0.000  0.000  0.000  0.900  0.000  0.000  0.000  0.000  0.000  0.000  0.000  0.000  0.000  0.000  0.100  

l2b2    0.000  0.000  0.000  0.000  0.000  0.900  0.000  0.000  0.000  0.000  0.000  0.000  0.000  0.000  0.000  0.100  

l345    0.000  0.000  0.000  0.000  0.000  0.000  1.000  0.000  0.000  0.000  0.000  0.000  0.000  0.000  0.000  0.000  

l6a1    0.000  0.000  0.000  0.000  0.000  0.000  0.000  0.900  0.000  0.100  0.000  0.000  0.000  0.000  0.000  0.000  

l6b1    0.000  0.000  0.000  0.000  0.000  0.000  0.000  0.000  0.200  0.000  0.800  0.000  0.000  0.000  0.000  0.000  

l6a2    0.000  0.000  0.000  0.000  0.000  0.000  0.000  0.000  0.000  0.900  0.000  0.000  0.000  0.000  0.000  0.100  

l6b2    0.000  0.000  0.000  0.000  0.000  0.000  0.000  0.000  0.000  0.000  0.900  0.000  0.000  0.000  0.000  0.100  

l789    0.000  0.000  0.000  0.000  0.000  0.000  0.000  0.000  0.000  0.000  0.000  1.000  0.000  0.000  0.000  0.000  

l10a1   0.000  0.000  0.000  0.000  0.000  0.000  0.000  0.000  0.000  0.000  0.000  0.000  0.900  0.000  0.000  0.100  

l10b1   0.000  0.000  0.000  0.000  0.000  0.000  0.000  0.000  0.000  0.000  0.000  0.000  0.000  0.750  0.000  0.250  

l10c1   0.000  0.000  0.000  0.000  0.000  0.000  0.000  0.000  0.000  0.000  0.000  0.000  0.000  0.000  0.500  0.500  

OutS    0.000  0.000  0.000  0.000  0.000  0.000  0.000  0.000  0.000  0.000  0.000  0.000  0.000  0.000  0.000  1.000  

OutF    0.000  0.000  0.000  0.000  0.000  0.000  0.000  0.000  0.000  0.000  0.000  0.000  0.000  0.000  0.000  1.000  

New A Matrix
l1      0.000  1.000  0.000  0.000  0.000  0.000  0.000  0.000  0.000  0.000  0.000  0.000  0.000  0.000  0.000  0.000  

l2a1    0.000  0.000  0.884  0.116  0.000  0.000  0.000  0.000  0.000  0.000  0.000  0.000  0.000  0.000  0.000  0.000  

l2b1    0.000  0.000  0.000  0.204  0.000  0.796  0.000  0.000  0.000  0.000  0.000  0.000  0.000  0.000  0.000  0.000  

l2a2    0.000  0.000  0.000  0.000  0.918  0.000  0.000  0.000  0.000  0.000  0.000  0.000  0.000  0.000  0.000  0.082  

l2b2    0.000  0.000  0.000  0.000  0.000  0.848  0.000  0.000  0.000  0.000  0.000  0.000  0.000  0.000  0.000  0.152  

l345    0.000  0.000  0.000  0.000  0.000  0.000  1.000  0.000  0.000  0.000  0.000  0.000  0.000  0.000  0.000  0.000  

l6a1    0.000  0.000  0.000  0.000  0.000  0.000  0.000  0.966  0.000  0.034  0.000  0.000  0.000  0.000  0.000  0.000  

l6b1    0.000  0.000  0.000  0.000  0.000  0.000  0.000  0.000  0.229  0.000  0.771  0.000  0.000  0.000  0.000  0.000  

l6a2    0.000  0.000  0.000  0.000  0.000  0.000  0.000  0.000  0.000  0.990  0.000  0.000  0.000  0.000  0.000  0.010  

l6b2    0.000  0.000  0.000  0.000  0.000  0.000  0.000  0.000  0.000  0.000  0.910  0.000  0.000  0.000  0.000  0.090  

l789    0.000  0.000  0.000  0.000  0.000  0.000  0.000  0.000  0.000  0.000  0.000  1.000  0.000  0.000  0.000  0.000  

l10a1   0.000  0.000  0.000  0.000  0.000  0.000  0.000  0.000  0.000  0.000  0.000  0.000  0.984  0.000  0.000  0.016  

l10b1   0.000  0.000  0.000  0.000  0.000  0.000  0.000  0.000  0.000  0.000  0.000  0.000  0.000  0.990  0.000  0.010  

l10c1   0.000  0.000  0.000  0.000  0.000  0.000  0.000  0.000  0.000  0.000  0.000  0.000  0.000  0.000  0.997  0.003  

OutS    0.000  0.000  0.000  0.000  0.000  0.000  0.000  0.000  0.000  0.000  0.000  0.000  0.000  0.000  0.000  1.000  

OutF    0.000  0.000  0.000  0.000  0.000  0.000  0.000  0.000  0.000  0.000  0.000  0.000  0.000  0.000  0.000  1.000  

RMS  A-matrix error: 0.051
RMS  A-matrix error: 0.15605130 (27 non zero elements)
Max  A-matrix error: 0.705 (at 13 to 14)
Anomalies:  None
Erasures :  []
-------------------------- BT to HMM ---------------------------------------------
NSYMBOLS: 150   NEpochs: 1000 
sigma: 2.00    Symbol delta: 2   Ratio:  1.00
----------------------------------------------------------------------------------
 
Original A Matrix
l1      0.000  1.000  0.000  0.000  0.000  0.000  0.000  0.000  0.000  0.000  0.000  0.000  0.000  0.000  0.000  0.000  

l2a1    0.000  0.000  0.900  0.100  0.000  0.000  0.000  0.000  0.000  0.000  0.000  0.000  0.000  0.000  0.000  0.000  

l2b1    0.000  0.000  0.000  0.200  0.000  0.800  0.000  0.000  0.000  0.000  0.000  0.000  0.000  0.000  0.000  0.000  

l2a2    0.000  0.000  0.000  0.000  0.900  0.000  0.000  0.000  0.000  0.000  0.000  0.000  0.000  0.000  0.000  0.100  

l2b2    0.000  0.000  0.000  0.000  0.000  0.900  0.000  0.000  0.000  0.000  0.000  0.000  0.000  0.000  0.000  0.100  

l345    0.000  0.000  0.000  0.000  0.000  0.000  1.000  0.000  0.000  0.000  0.000  0.000  0.000  0.000  0.000  0.000  

l6a1    0.000  0.000  0.000  0.000  0.000  0.000  0.000  0.900  0.000  0.100  0.000  0.000  0.000  0.000  0.000  0.000  

l6b1    0.000  0.000  0.000  0.000  0.000  0.000  0.000  0.000  0.200  0.000  0.800  0.000  0.000  0.000  0.000  0.000  

l6a2    0.000  0.000  0.000  0.000  0.000  0.000  0.000  0.000  0.000  0.900  0.000  0.000  0.000  0.000  0.000  0.100  

l6b2    0.000  0.000  0.000  0.000  0.000  0.000  0.000  0.000  0.000  0.000  0.900  0.000  0.000  0.000  0.000  0.100  

l789    0.000  0.000  0.000  0.000  0.000  0.000  0.000  0.000  0.000  0.000  0.000  1.000  0.000  0.000  0.000  0.000  

l10a1   0.000  0.000  0.000  0.000  0.000  0.000  0.000  0.000  0.000  0.000  0.000  0.000  0.900  0.000  0.000  0.100  

l10b1   0.000  0.000  0.000  0.000  0.000  0.000  0.000  0.000  0.000  0.000  0.000  0.000  0.000  0.750  0.000  0.250  

l10c1   0.000  0.000  0.000  0.000  0.000  0.000  0.000  0.000  0.000  0.000  0.000  0.000  0.000  0.000  0.500  0.500  

OutS    0.000  0.000  0.000  0.000  0.000  0.000  0.000  0.000  0.000  0.000  0.000  0.000  0.000  0.000  0.000  1.000  

OutF    0.000  0.000  0.000  0.000  0.000  0.000  0.000  0.000  0.000  0.000  0.000  0.000  0.000  0.000  0.000  1.000  

New A Matrix
l1      0.000  1.000  0.000  0.000  0.000  0.000  0.000  0.000  0.000  0.000  0.000  0.000  0.000  0.000  0.000  0.000  

l2a1    0.000  0.000  0.926  0.074  0.000  0.000  0.000  0.000  0.000  0.000  0.000  0.000  0.000  0.000  0.000  0.000  

l2b1    0.000  0.000  0.000  0.167  0.000  0.833  0.000  0.000  0.000  0.000  0.000  0.000  0.000  0.000  0.000  0.000  

l2a2    0.000  0.000  0.000  0.000  0.989  0.000  0.000  0.000  0.000  0.000  0.000  0.000  0.000  0.000  0.000  0.011  

l2b2    0.000  0.000  0.000  0.000  0.000  0.928  0.000  0.000  0.000  0.000  0.000  0.000  0.000  0.000  0.000  0.072  

l345    0.000  0.000  0.000  0.000  0.000  0.000  1.000  0.000  0.000  0.000  0.000  0.000  0.000  0.000  0.000  0.000  

l6a1    0.000  0.000  0.000  0.000  0.000  0.000  0.000  0.938  0.000  0.062  0.000  0.000  0.000  0.000  0.000  0.000  

l6b1    0.000  0.000  0.000  0.000  0.000  0.000  0.000  0.000  0.274  0.000  0.726  0.000  0.000  0.000  0.000  0.000  

l6a2    0.000  0.000  0.000  0.000  0.000  0.000  0.000  0.000  0.000  1.000  0.000  0.000  0.000  0.000  0.000  0.000  

l6b2    0.000  0.000  0.000  0.000  0.000  0.000  0.000  0.000  0.000  0.000  0.872  0.000  0.000  0.000  0.000  0.128  

l789    0.000  0.000  0.000  0.000  0.000  0.000  0.000  0.000  0.000  0.000  0.000  1.000  0.000  0.000  0.000  0.000  

l10a1   0.000  0.000  0.000  0.000  0.000  0.000  0.000  0.000  0.000  0.000  0.000  0.000  0.922  0.000  0.000  0.078  

l10b1   0.000  0.000  0.000  0.000  0.000  0.000  0.000  0.000  0.000  0.000  0.000  0.000  0.000  0.961  0.000  0.039  

l10c1   0.000  0.000  0.000  0.000  0.000  0.000  0.000  0.000  0.000  0.000  0.000  0.000  0.000  0.000  0.946  0.054  

OutS    0.000  0.000  0.000  0.000  0.000  0.000  0.000  0.000  0.000  0.000  0.000  0.000  0.000  0.000  0.000  1.000  

OutF    0.000  0.000  0.000  0.000  0.000  0.000  0.000  0.000  0.000  0.000  0.000  0.000  0.000  0.000  0.000  1.000  

RMS  A-matrix error: 0.046
RMS  A-matrix error: 0.14192706 (27 non zero elements)
Max  A-matrix error: 0.459 (at 12 to 13)
Anomalies:  None
Erasures :  []
-------------------------- BT to HMM ---------------------------------------------
NSYMBOLS: 150   NEpochs: 1000 
sigma: 2.00    Symbol delta: 2   Ratio:  1.00
----------------------------------------------------------------------------------
 
Original A Matrix
l1      0.000  1.000  0.000  0.000  0.000  0.000  0.000  0.000  0.000  0.000  0.000  0.000  0.000  0.000  0.000  0.000  

l2a1    0.000  0.000  0.900  0.100  0.000  0.000  0.000  0.000  0.000  0.000  0.000  0.000  0.000  0.000  0.000  0.000  

l2b1    0.000  0.000  0.000  0.200  0.000  0.800  0.000  0.000  0.000  0.000  0.000  0.000  0.000  0.000  0.000  0.000  

l2a2    0.000  0.000  0.000  0.000  0.900  0.000  0.000  0.000  0.000  0.000  0.000  0.000  0.000  0.000  0.000  0.100  

l2b2    0.000  0.000  0.000  0.000  0.000  0.900  0.000  0.000  0.000  0.000  0.000  0.000  0.000  0.000  0.000  0.100  

l345    0.000  0.000  0.000  0.000  0.000  0.000  1.000  0.000  0.000  0.000  0.000  0.000  0.000  0.000  0.000  0.000  

l6a1    0.000  0.000  0.000  0.000  0.000  0.000  0.000  0.900  0.000  0.100  0.000  0.000  0.000  0.000  0.000  0.000  

l6b1    0.000  0.000  0.000  0.000  0.000  0.000  0.000  0.000  0.200  0.000  0.800  0.000  0.000  0.000  0.000  0.000  

l6a2    0.000  0.000  0.000  0.000  0.000  0.000  0.000  0.000  0.000  0.900  0.000  0.000  0.000  0.000  0.000  0.100  

l6b2    0.000  0.000  0.000  0.000  0.000  0.000  0.000  0.000  0.000  0.000  0.900  0.000  0.000  0.000  0.000  0.100  

l789    0.000  0.000  0.000  0.000  0.000  0.000  0.000  0.000  0.000  0.000  0.000  1.000  0.000  0.000  0.000  0.000  

l10a1   0.000  0.000  0.000  0.000  0.000  0.000  0.000  0.000  0.000  0.000  0.000  0.000  0.900  0.000  0.000  0.100  

l10b1   0.000  0.000  0.000  0.000  0.000  0.000  0.000  0.000  0.000  0.000  0.000  0.000  0.000  0.750  0.000  0.250  

l10c1   0.000  0.000  0.000  0.000  0.000  0.000  0.000  0.000  0.000  0.000  0.000  0.000  0.000  0.000  0.500  0.500  

OutS    0.000  0.000  0.000  0.000  0.000  0.000  0.000  0.000  0.000  0.000  0.000  0.000  0.000  0.000  0.000  1.000  

OutF    0.000  0.000  0.000  0.000  0.000  0.000  0.000  0.000  0.000  0.000  0.000  0.000  0.000  0.000  0.000  1.000  

New A Matrix
l1      0.000  1.000  0.000  0.000  0.000  0.000  0.000  0.000  0.000  0.000  0.000  0.000  0.000  0.000  0.000  0.000  

l2a1    0.000  0.000  0.838  0.162  0.000  0.000  0.000  0.000  0.000  0.000  0.000  0.000  0.000  0.000  0.000  0.000  

l2b1    0.000  0.000  0.000  0.193  0.000  0.807  0.000  0.000  0.000  0.000  0.000  0.000  0.000  0.000  0.000  0.000  

l2a2    0.000  0.000  0.000  0.000  0.980  0.000  0.000  0.000  0.000  0.000  0.000  0.000  0.000  0.000  0.000  0.020  

l2b2    0.000  0.000  0.000  0.000  0.000  0.935  0.000  0.000  0.000  0.000  0.000  0.000  0.000  0.000  0.000  0.065  

l345    0.000  0.000  0.000  0.000  0.000  0.000  1.000  0.000  0.000  0.000  0.000  0.000  0.000  0.000  0.000  0.000  

l6a1    0.000  0.000  0.000  0.000  0.000  0.000  0.000  0.953  0.000  0.047  0.000  0.000  0.000  0.000  0.000  0.000  

l6b1    0.000  0.000  0.000  0.000  0.000  0.000  0.000  0.000  0.183  0.000  0.817  0.000  0.000  0.000  0.000  0.000  

l6a2    0.000  0.000  0.000  0.000  0.000  0.000  0.000  0.000  0.000  0.982  0.000  0.000  0.000  0.000  0.000  0.018  

l6b2    0.000  0.000  0.000  0.000  0.000  0.000  0.000  0.000  0.000  0.000  0.977  0.000  0.000  0.000  0.000  0.023  

l789    0.000  0.000  0.000  0.000  0.000  0.000  0.000  0.000  0.000  0.000  0.000  1.000  0.000  0.000  0.000  0.000  

l10a1   0.000  0.000  0.000  0.000  0.000  0.000  0.000  0.000  0.000  0.000  0.000  0.000  0.989  0.000  0.000  0.011  

l10b1   0.000  0.000  0.000  0.000  0.000  0.000  0.000  0.000  0.000  0.000  0.000  0.000  0.000  0.984  0.000  0.016  

l10c1   0.000  0.000  0.000  0.000  0.000  0.000  0.000  0.000  0.000  0.000  0.000  0.000  0.000  0.000  1.000  0.000  

OutS    0.000  0.000  0.000  0.000  0.000  0.000  0.000  0.000  0.000  0.000  0.000  0.000  0.000  0.000  0.000  1.000  

OutF    0.000  0.000  0.000  0.000  0.000  0.000  0.000  0.000  0.000  0.000  0.000  0.000  0.000  0.000  0.000  1.000  

RMS  A-matrix error: 0.052
RMS  A-matrix error: 0.15863640 (27 non zero elements)
Max  A-matrix error: 0.707 (at 13 to 14)
Anomalies:  None
Erasures :  []
-------------------------- BT to HMM ---------------------------------------------
NSYMBOLS: 150   NEpochs: 1000 
sigma: 2.00    Symbol delta: 2   Ratio:  1.00
----------------------------------------------------------------------------------
 
Original A Matrix
l1      0.000  1.000  0.000  0.000  0.000  0.000  0.000  0.000  0.000  0.000  0.000  0.000  0.000  0.000  0.000  0.000  

l2a1    0.000  0.000  0.900  0.100  0.000  0.000  0.000  0.000  0.000  0.000  0.000  0.000  0.000  0.000  0.000  0.000  

l2b1    0.000  0.000  0.000  0.200  0.000  0.800  0.000  0.000  0.000  0.000  0.000  0.000  0.000  0.000  0.000  0.000  

l2a2    0.000  0.000  0.000  0.000  0.900  0.000  0.000  0.000  0.000  0.000  0.000  0.000  0.000  0.000  0.000  0.100  

l2b2    0.000  0.000  0.000  0.000  0.000  0.900  0.000  0.000  0.000  0.000  0.000  0.000  0.000  0.000  0.000  0.100  

l345    0.000  0.000  0.000  0.000  0.000  0.000  1.000  0.000  0.000  0.000  0.000  0.000  0.000  0.000  0.000  0.000  

l6a1    0.000  0.000  0.000  0.000  0.000  0.000  0.000  0.900  0.000  0.100  0.000  0.000  0.000  0.000  0.000  0.000  

l6b1    0.000  0.000  0.000  0.000  0.000  0.000  0.000  0.000  0.200  0.000  0.800  0.000  0.000  0.000  0.000  0.000  

l6a2    0.000  0.000  0.000  0.000  0.000  0.000  0.000  0.000  0.000  0.900  0.000  0.000  0.000  0.000  0.000  0.100  

l6b2    0.000  0.000  0.000  0.000  0.000  0.000  0.000  0.000  0.000  0.000  0.900  0.000  0.000  0.000  0.000  0.100  

l789    0.000  0.000  0.000  0.000  0.000  0.000  0.000  0.000  0.000  0.000  0.000  1.000  0.000  0.000  0.000  0.000  

l10a1   0.000  0.000  0.000  0.000  0.000  0.000  0.000  0.000  0.000  0.000  0.000  0.000  0.900  0.000  0.000  0.100  

l10b1   0.000  0.000  0.000  0.000  0.000  0.000  0.000  0.000  0.000  0.000  0.000  0.000  0.000  0.750  0.000  0.250  

l10c1   0.000  0.000  0.000  0.000  0.000  0.000  0.000  0.000  0.000  0.000  0.000  0.000  0.000  0.000  0.500  0.500  

OutS    0.000  0.000  0.000  0.000  0.000  0.000  0.000  0.000  0.000  0.000  0.000  0.000  0.000  0.000  0.000  1.000  

OutF    0.000  0.000  0.000  0.000  0.000  0.000  0.000  0.000  0.000  0.000  0.000  0.000  0.000  0.000  0.000  1.000  

New A Matrix
l1      0.000  1.000  0.000  0.000  0.000  0.000  0.000  0.000  0.000  0.000  0.000  0.000  0.000  0.000  0.000  0.000  

l2a1    0.000  0.000  0.900  0.100  0.000  0.000  0.000  0.000  0.000  0.000  0.000  0.000  0.000  0.000  0.000  0.000  

l2b1    0.000  0.000  0.000  0.234  0.000  0.766  0.000  0.000  0.000  0.000  0.000  0.000  0.000  0.000  0.000  0.000  

l2a2    0.000  0.000  0.000  0.000  0.898  0.000  0.000  0.000  0.000  0.000  0.000  0.000  0.000  0.000  0.000  0.102  

l2b2    0.000  0.000  0.000  0.000  0.000  0.855  0.000  0.000  0.000  0.000  0.000  0.000  0.000  0.000  0.000  0.145  

l345    0.000  0.000  0.000  0.000  0.000  0.000  1.000  0.000  0.000  0.000  0.000  0.000  0.000  0.000  0.000  0.000  

l6a1    0.000  0.000  0.000  0.000  0.000  0.000  0.000  0.970  0.000  0.030  0.000  0.000  0.000  0.000  0.000  0.000  

l6b1    0.000  0.000  0.000  0.000  0.000  0.000  0.000  0.000  0.234  0.000  0.766  0.000  0.000  0.000  0.000  0.000  

l6a2    0.000  0.000  0.000  0.000  0.000  0.000  0.000  0.000  0.000  0.997  0.000  0.000  0.000  0.000  0.000  0.003  

l6b2    0.000  0.000  0.000  0.000  0.000  0.000  0.000  0.000  0.000  0.000  0.939  0.000  0.000  0.000  0.000  0.061  

l789    0.000  0.000  0.000  0.000  0.000  0.000  0.000  0.000  0.000  0.000  0.000  1.000  0.000  0.000  0.000  0.000  

l10a1   0.000  0.000  0.000  0.000  0.000  0.000  0.000  0.000  0.000  0.000  0.000  0.000  0.979  0.000  0.000  0.021  

l10b1   0.000  0.000  0.000  0.000  0.000  0.000  0.000  0.000  0.000  0.000  0.000  0.000  0.000  0.989  0.000  0.011  

l10c1   0.000  0.000  0.000  0.000  0.000  0.000  0.000  0.000  0.000  0.000  0.000  0.000  0.000  0.000  0.997  0.003  

OutS    0.000  0.000  0.000  0.000  0.000  0.000  0.000  0.000  0.000  0.000  0.000  0.000  0.000  0.000  0.000  1.000  

OutF    0.000  0.000  0.000  0.000  0.000  0.000  0.000  0.000  0.000  0.000  0.000  0.000  0.000  0.000  0.000  1.000  

RMS  A-matrix error: 0.051
RMS  A-matrix error: 0.15651152 (27 non zero elements)
Max  A-matrix error: 0.705 (at 13 to 14)
Anomalies:  None
Erasures :  []
-------------------------- BT to HMM ---------------------------------------------
NSYMBOLS: 150   NEpochs: 1000 
sigma: 2.00    Symbol delta: 2   Ratio:  1.00
----------------------------------------------------------------------------------
 
Original A Matrix
l1      0.000  1.000  0.000  0.000  0.000  0.000  0.000  0.000  0.000  0.000  0.000  0.000  0.000  0.000  0.000  0.000  

l2a1    0.000  0.000  0.900  0.100  0.000  0.000  0.000  0.000  0.000  0.000  0.000  0.000  0.000  0.000  0.000  0.000  

l2b1    0.000  0.000  0.000  0.200  0.000  0.800  0.000  0.000  0.000  0.000  0.000  0.000  0.000  0.000  0.000  0.000  

l2a2    0.000  0.000  0.000  0.000  0.900  0.000  0.000  0.000  0.000  0.000  0.000  0.000  0.000  0.000  0.000  0.100  

l2b2    0.000  0.000  0.000  0.000  0.000  0.900  0.000  0.000  0.000  0.000  0.000  0.000  0.000  0.000  0.000  0.100  

l345    0.000  0.000  0.000  0.000  0.000  0.000  1.000  0.000  0.000  0.000  0.000  0.000  0.000  0.000  0.000  0.000  

l6a1    0.000  0.000  0.000  0.000  0.000  0.000  0.000  0.900  0.000  0.100  0.000  0.000  0.000  0.000  0.000  0.000  

l6b1    0.000  0.000  0.000  0.000  0.000  0.000  0.000  0.000  0.200  0.000  0.800  0.000  0.000  0.000  0.000  0.000  

l6a2    0.000  0.000  0.000  0.000  0.000  0.000  0.000  0.000  0.000  0.900  0.000  0.000  0.000  0.000  0.000  0.100  

l6b2    0.000  0.000  0.000  0.000  0.000  0.000  0.000  0.000  0.000  0.000  0.900  0.000  0.000  0.000  0.000  0.100  

l789    0.000  0.000  0.000  0.000  0.000  0.000  0.000  0.000  0.000  0.000  0.000  1.000  0.000  0.000  0.000  0.000  

l10a1   0.000  0.000  0.000  0.000  0.000  0.000  0.000  0.000  0.000  0.000  0.000  0.000  0.900  0.000  0.000  0.100  

l10b1   0.000  0.000  0.000  0.000  0.000  0.000  0.000  0.000  0.000  0.000  0.000  0.000  0.000  0.750  0.000  0.250  

l10c1   0.000  0.000  0.000  0.000  0.000  0.000  0.000  0.000  0.000  0.000  0.000  0.000  0.000  0.000  0.500  0.500  

OutS    0.000  0.000  0.000  0.000  0.000  0.000  0.000  0.000  0.000  0.000  0.000  0.000  0.000  0.000  0.000  1.000  

OutF    0.000  0.000  0.000  0.000  0.000  0.000  0.000  0.000  0.000  0.000  0.000  0.000  0.000  0.000  0.000  1.000  

New A Matrix
l1      0.000  1.000  0.000  0.000  0.000  0.000  0.000  0.000  0.000  0.000  0.000  0.000  0.000  0.000  0.000  0.000  

l2a1    0.000  0.000  0.762  0.238  0.000  0.000  0.000  0.000  0.000  0.000  0.000  0.000  0.000  0.000  0.000  0.000  

l2b1    0.000  0.000  0.000  0.180  0.000  0.820  0.000  0.000  0.000  0.000  0.000  0.000  0.000  0.000  0.000  0.000  

l2a2    0.000  0.000  0.000  0.000  0.922  0.000  0.000  0.000  0.000  0.000  0.000  0.000  0.000  0.000  0.000  0.078  

l2b2    0.000  0.000  0.000  0.000  0.000  0.892  0.000  0.000  0.000  0.000  0.000  0.000  0.000  0.000  0.000  0.108  

l345    0.000  0.000  0.000  0.000  0.000  0.000  1.000  0.000  0.000  0.000  0.000  0.000  0.000  0.000  0.000  0.000  

l6a1    0.000  0.000  0.000  0.000  0.000  0.000  0.000  0.968  0.000  0.032  0.000  0.000  0.000  0.000  0.000  0.000  

l6b1    0.000  0.000  0.000  0.000  0.000  0.000  0.000  0.000  0.173  0.000  0.827  0.000  0.000  0.000  0.000  0.000  

l6a2    0.000  0.000  0.000  0.000  0.000  0.000  0.000  0.000  0.000  0.979  0.000  0.000  0.000  0.000  0.000  0.021  

l6b2    0.000  0.000  0.000  0.000  0.000  0.000  0.000  0.000  0.000  0.000  0.972  0.000  0.000  0.000  0.000  0.028  

l789    0.000  0.000  0.000  0.000  0.000  0.000  0.000  0.000  0.000  0.000  0.000  1.000  0.000  0.000  0.000  0.000  

l10a1   0.000  0.000  0.000  0.000  0.000  0.000  0.000  0.000  0.000  0.000  0.000  0.000  0.977  0.000  0.000  0.023  

l10b1   0.000  0.000  0.000  0.000  0.000  0.000  0.000  0.000  0.000  0.000  0.000  0.000  0.000  0.983  0.000  0.017  

l10c1   0.000  0.000  0.000  0.000  0.000  0.000  0.000  0.000  0.000  0.000  0.000  0.000  0.000  0.000  0.999  0.001  

OutS    0.000  0.000  0.000  0.000  0.000  0.000  0.000  0.000  0.000  0.000  0.000  0.000  0.000  0.000  0.000  1.000  

OutF    0.000  0.000  0.000  0.000  0.000  0.000  0.000  0.000  0.000  0.000  0.000  0.000  0.000  0.000  0.000  1.000  

RMS  A-matrix error: 0.052
RMS  A-matrix error: 0.16016363 (27 non zero elements)
Max  A-matrix error: 0.707 (at 13 to 14)
Anomalies:  None
Erasures :  []
-------------------------- BT to HMM ---------------------------------------------
NSYMBOLS: 150   NEpochs: 1000 
sigma: 2.00    Symbol delta: 2   Ratio:  1.00
----------------------------------------------------------------------------------
 
Original A Matrix
l1      0.000  1.000  0.000  0.000  0.000  0.000  0.000  0.000  0.000  0.000  0.000  0.000  0.000  0.000  0.000  0.000  

l2a1    0.000  0.000  0.900  0.100  0.000  0.000  0.000  0.000  0.000  0.000  0.000  0.000  0.000  0.000  0.000  0.000  

l2b1    0.000  0.000  0.000  0.200  0.000  0.800  0.000  0.000  0.000  0.000  0.000  0.000  0.000  0.000  0.000  0.000  

l2a2    0.000  0.000  0.000  0.000  0.900  0.000  0.000  0.000  0.000  0.000  0.000  0.000  0.000  0.000  0.000  0.100  

l2b2    0.000  0.000  0.000  0.000  0.000  0.900  0.000  0.000  0.000  0.000  0.000  0.000  0.000  0.000  0.000  0.100  

l345    0.000  0.000  0.000  0.000  0.000  0.000  1.000  0.000  0.000  0.000  0.000  0.000  0.000  0.000  0.000  0.000  

l6a1    0.000  0.000  0.000  0.000  0.000  0.000  0.000  0.900  0.000  0.100  0.000  0.000  0.000  0.000  0.000  0.000  

l6b1    0.000  0.000  0.000  0.000  0.000  0.000  0.000  0.000  0.200  0.000  0.800  0.000  0.000  0.000  0.000  0.000  

l6a2    0.000  0.000  0.000  0.000  0.000  0.000  0.000  0.000  0.000  0.900  0.000  0.000  0.000  0.000  0.000  0.100  

l6b2    0.000  0.000  0.000  0.000  0.000  0.000  0.000  0.000  0.000  0.000  0.900  0.000  0.000  0.000  0.000  0.100  

l789    0.000  0.000  0.000  0.000  0.000  0.000  0.000  0.000  0.000  0.000  0.000  1.000  0.000  0.000  0.000  0.000  

l10a1   0.000  0.000  0.000  0.000  0.000  0.000  0.000  0.000  0.000  0.000  0.000  0.000  0.900  0.000  0.000  0.100  

l10b1   0.000  0.000  0.000  0.000  0.000  0.000  0.000  0.000  0.000  0.000  0.000  0.000  0.000  0.750  0.000  0.250  

l10c1   0.000  0.000  0.000  0.000  0.000  0.000  0.000  0.000  0.000  0.000  0.000  0.000  0.000  0.000  0.500  0.500  

OutS    0.000  0.000  0.000  0.000  0.000  0.000  0.000  0.000  0.000  0.000  0.000  0.000  0.000  0.000  0.000  1.000  

OutF    0.000  0.000  0.000  0.000  0.000  0.000  0.000  0.000  0.000  0.000  0.000  0.000  0.000  0.000  0.000  1.000  

New A Matrix
l1      0.000  1.000  0.000  0.000  0.000  0.000  0.000  0.000  0.000  0.000  0.000  0.000  0.000  0.000  0.000  0.000  

l2a1    0.000  0.000  0.850  0.150  0.000  0.000  0.000  0.000  0.000  0.000  0.000  0.000  0.000  0.000  0.000  0.000  

l2b1    0.000  0.000  0.000  0.180  0.000  0.820  0.000  0.000  0.000  0.000  0.000  0.000  0.000  0.000  0.000  0.000  

l2a2    0.000  0.000  0.000  0.000  0.994  0.000  0.000  0.000  0.000  0.000  0.000  0.000  0.000  0.000  0.000  0.006  

l2b2    0.000  0.000  0.000  0.000  0.000  0.882  0.000  0.000  0.000  0.000  0.000  0.000  0.000  0.000  0.000  0.118  

l345    0.000  0.000  0.000  0.000  0.000  0.000  1.000  0.000  0.000  0.000  0.000  0.000  0.000  0.000  0.000  0.000  

l6a1    0.000  0.000  0.000  0.000  0.000  0.000  0.000  0.961  0.000  0.039  0.000  0.000  0.000  0.000  0.000  0.000  

l6b1    0.000  0.000  0.000  0.000  0.000  0.000  0.000  0.000  0.283  0.000  0.717  0.000  0.000  0.000  0.000  0.000  

l6a2    0.000  0.000  0.000  0.000  0.000  0.000  0.000  0.000  0.000  0.940  0.000  0.000  0.000  0.000  0.000  0.060  

l6b2    0.000  0.000  0.000  0.000  0.000  0.000  0.000  0.000  0.000  0.000  0.866  0.000  0.000  0.000  0.000  0.134  

l789    0.000  0.000  0.000  0.000  0.000  0.000  0.000  0.000  0.000  0.000  0.000  1.000  0.000  0.000  0.000  0.000  

l10a1   0.000  0.000  0.000  0.000  0.000  0.000  0.000  0.000  0.000  0.000  0.000  0.000  0.994  0.000  0.000  0.006  

l10b1   0.000  0.000  0.000  0.000  0.000  0.000  0.000  0.000  0.000  0.000  0.000  0.000  0.000  0.991  0.000  0.009  

l10c1   0.000  0.000  0.000  0.000  0.000  0.000  0.000  0.000  0.000  0.000  0.000  0.000  0.000  0.000  0.999  0.001  

OutS    0.000  0.000  0.000  0.000  0.000  0.000  0.000  0.000  0.000  0.000  0.000  0.000  0.000  0.000  0.000  1.000  

OutF    0.000  0.000  0.000  0.000  0.000  0.000  0.000  0.000  0.000  0.000  0.000  0.000  0.000  0.000  0.000  1.000  

RMS  A-matrix error: 0.052
RMS  A-matrix error: 0.15910615 (27 non zero elements)
Max  A-matrix error: 0.707 (at 13 to 14)
Anomalies:  None
Erasures :  []
-------------------------- BT to HMM ---------------------------------------------
NSYMBOLS: 150   NEpochs: 1000 
sigma: 2.00    Symbol delta: 2   Ratio:  1.00
----------------------------------------------------------------------------------
 
Original A Matrix
l1      0.000  1.000  0.000  0.000  0.000  0.000  0.000  0.000  0.000  0.000  0.000  0.000  0.000  0.000  0.000  0.000  

l2a1    0.000  0.000  0.900  0.100  0.000  0.000  0.000  0.000  0.000  0.000  0.000  0.000  0.000  0.000  0.000  0.000  

l2b1    0.000  0.000  0.000  0.200  0.000  0.800  0.000  0.000  0.000  0.000  0.000  0.000  0.000  0.000  0.000  0.000  

l2a2    0.000  0.000  0.000  0.000  0.900  0.000  0.000  0.000  0.000  0.000  0.000  0.000  0.000  0.000  0.000  0.100  

l2b2    0.000  0.000  0.000  0.000  0.000  0.900  0.000  0.000  0.000  0.000  0.000  0.000  0.000  0.000  0.000  0.100  

l345    0.000  0.000  0.000  0.000  0.000  0.000  1.000  0.000  0.000  0.000  0.000  0.000  0.000  0.000  0.000  0.000  

l6a1    0.000  0.000  0.000  0.000  0.000  0.000  0.000  0.900  0.000  0.100  0.000  0.000  0.000  0.000  0.000  0.000  

l6b1    0.000  0.000  0.000  0.000  0.000  0.000  0.000  0.000  0.200  0.000  0.800  0.000  0.000  0.000  0.000  0.000  

l6a2    0.000  0.000  0.000  0.000  0.000  0.000  0.000  0.000  0.000  0.900  0.000  0.000  0.000  0.000  0.000  0.100  

l6b2    0.000  0.000  0.000  0.000  0.000  0.000  0.000  0.000  0.000  0.000  0.900  0.000  0.000  0.000  0.000  0.100  

l789    0.000  0.000  0.000  0.000  0.000  0.000  0.000  0.000  0.000  0.000  0.000  1.000  0.000  0.000  0.000  0.000  

l10a1   0.000  0.000  0.000  0.000  0.000  0.000  0.000  0.000  0.000  0.000  0.000  0.000  0.900  0.000  0.000  0.100  

l10b1   0.000  0.000  0.000  0.000  0.000  0.000  0.000  0.000  0.000  0.000  0.000  0.000  0.000  0.750  0.000  0.250  

l10c1   0.000  0.000  0.000  0.000  0.000  0.000  0.000  0.000  0.000  0.000  0.000  0.000  0.000  0.000  0.500  0.500  

OutS    0.000  0.000  0.000  0.000  0.000  0.000  0.000  0.000  0.000  0.000  0.000  0.000  0.000  0.000  0.000  1.000  

OutF    0.000  0.000  0.000  0.000  0.000  0.000  0.000  0.000  0.000  0.000  0.000  0.000  0.000  0.000  0.000  1.000  

New A Matrix
l1      0.000  1.000  0.000  0.000  0.000  0.000  0.000  0.000  0.000  0.000  0.000  0.000  0.000  0.000  0.000  0.000  

l2a1    0.000  0.000  0.941  0.059  0.000  0.000  0.000  0.000  0.000  0.000  0.000  0.000  0.000  0.000  0.000  0.000  

l2b1    0.000  0.000  0.000  0.189  0.000  0.811  0.000  0.000  0.000  0.000  0.000  0.000  0.000  0.000  0.000  0.000  

l2a2    0.000  0.000  0.000  0.000  1.000  0.000  0.000  0.000  0.000  0.000  0.000  0.000  0.000  0.000  0.000  0.000  

l2b2    0.000  0.000  0.000  0.000  0.000  0.928  0.000  0.000  0.000  0.000  0.000  0.000  0.000  0.000  0.000  0.072  

l345    0.000  0.000  0.000  0.000  0.000  0.000  1.000  0.000  0.000  0.000  0.000  0.000  0.000  0.000  0.000  0.000  

l6a1    0.000  0.000  0.000  0.000  0.000  0.000  0.000  0.957  0.000  0.043  0.000  0.000  0.000  0.000  0.000  0.000  

l6b1    0.000  0.000  0.000  0.000  0.000  0.000  0.000  0.000  0.107  0.000  0.893  0.000  0.000  0.000  0.000  0.000  

l6a2    0.000  0.000  0.000  0.000  0.000  0.000  0.000  0.000  0.000  0.990  0.000  0.000  0.000  0.000  0.000  0.010  

l6b2    0.000  0.000  0.000  0.000  0.000  0.000  0.000  0.000  0.000  0.000  0.816  0.000  0.000  0.000  0.000  0.184  

l789    0.000  0.000  0.000  0.000  0.000  0.000  0.000  0.000  0.000  0.000  0.000  1.000  0.000  0.000  0.000  0.000  

l10a1   0.000  0.000  0.000  0.000  0.000  0.000  0.000  0.000  0.000  0.000  0.000  0.000  0.853  0.000  0.000  0.147  

l10b1   0.000  0.000  0.000  0.000  0.000  0.000  0.000  0.000  0.000  0.000  0.000  0.000  0.000  0.872  0.000  0.128  

l10c1   0.000  0.000  0.000  0.000  0.000  0.000  0.000  0.000  0.000  0.000  0.000  0.000  0.000  0.000  0.631  0.369  

OutS    0.000  0.000  0.000  0.000  0.000  0.000  0.000  0.000  0.000  0.000  0.000  0.000  0.000  0.000  0.000  1.000  

OutF    0.000  0.000  0.000  0.000  0.000  0.000  0.000  0.000  0.000  0.000  0.000  0.000  0.000  0.000  0.000  1.000  

RMS  A-matrix error: 0.024
RMS  A-matrix error: 0.07389805 (27 non zero elements)
Max  A-matrix error: 0.201 (at 1 to 2)
Anomalies:  None
Erasures :  []
-------------------------- BT to HMM ---------------------------------------------
NSYMBOLS: 150   NEpochs: 1000 
sigma: 2.00    Symbol delta: 2   Ratio:  1.00
----------------------------------------------------------------------------------
 
Original A Matrix
l1      0.000  1.000  0.000  0.000  0.000  0.000  0.000  0.000  0.000  0.000  0.000  0.000  0.000  0.000  0.000  0.000  

l2a1    0.000  0.000  0.900  0.100  0.000  0.000  0.000  0.000  0.000  0.000  0.000  0.000  0.000  0.000  0.000  0.000  

l2b1    0.000  0.000  0.000  0.200  0.000  0.800  0.000  0.000  0.000  0.000  0.000  0.000  0.000  0.000  0.000  0.000  

l2a2    0.000  0.000  0.000  0.000  0.900  0.000  0.000  0.000  0.000  0.000  0.000  0.000  0.000  0.000  0.000  0.100  

l2b2    0.000  0.000  0.000  0.000  0.000  0.900  0.000  0.000  0.000  0.000  0.000  0.000  0.000  0.000  0.000  0.100  

l345    0.000  0.000  0.000  0.000  0.000  0.000  1.000  0.000  0.000  0.000  0.000  0.000  0.000  0.000  0.000  0.000  

l6a1    0.000  0.000  0.000  0.000  0.000  0.000  0.000  0.900  0.000  0.100  0.000  0.000  0.000  0.000  0.000  0.000  

l6b1    0.000  0.000  0.000  0.000  0.000  0.000  0.000  0.000  0.200  0.000  0.800  0.000  0.000  0.000  0.000  0.000  

l6a2    0.000  0.000  0.000  0.000  0.000  0.000  0.000  0.000  0.000  0.900  0.000  0.000  0.000  0.000  0.000  0.100  

l6b2    0.000  0.000  0.000  0.000  0.000  0.000  0.000  0.000  0.000  0.000  0.900  0.000  0.000  0.000  0.000  0.100  

l789    0.000  0.000  0.000  0.000  0.000  0.000  0.000  0.000  0.000  0.000  0.000  1.000  0.000  0.000  0.000  0.000  

l10a1   0.000  0.000  0.000  0.000  0.000  0.000  0.000  0.000  0.000  0.000  0.000  0.000  0.900  0.000  0.000  0.100  

l10b1   0.000  0.000  0.000  0.000  0.000  0.000  0.000  0.000  0.000  0.000  0.000  0.000  0.000  0.750  0.000  0.250  

l10c1   0.000  0.000  0.000  0.000  0.000  0.000  0.000  0.000  0.000  0.000  0.000  0.000  0.000  0.000  0.500  0.500  

OutS    0.000  0.000  0.000  0.000  0.000  0.000  0.000  0.000  0.000  0.000  0.000  0.000  0.000  0.000  0.000  1.000  

OutF    0.000  0.000  0.000  0.000  0.000  0.000  0.000  0.000  0.000  0.000  0.000  0.000  0.000  0.000  0.000  1.000  

New A Matrix
l1      0.000  1.000  0.000  0.000  0.000  0.000  0.000  0.000  0.000  0.000  0.000  0.000  0.000  0.000  0.000  0.000  

l2a1    0.000  0.000  0.888  0.112  0.000  0.000  0.000  0.000  0.000  0.000  0.000  0.000  0.000  0.000  0.000  0.000  

l2b1    0.000  0.000  0.000  0.222  0.000  0.778  0.000  0.000  0.000  0.000  0.000  0.000  0.000  0.000  0.000  0.000  

l2a2    0.000  0.000  0.000  0.000  0.897  0.000  0.000  0.000  0.000  0.000  0.000  0.000  0.000  0.000  0.000  0.103  

l2b2    0.000  0.000  0.000  0.000  0.000  0.897  0.000  0.000  0.000  0.000  0.000  0.000  0.000  0.000  0.000  0.103  

l345    0.000  0.000  0.000  0.000  0.000  0.000  1.000  0.000  0.000  0.000  0.000  0.000  0.000  0.000  0.000  0.000  

l6a1    0.000  0.000  0.000  0.000  0.000  0.000  0.000  0.973  0.000  0.027  0.000  0.000  0.000  0.000  0.000  0.000  

l6b1    0.000  0.000  0.000  0.000  0.000  0.000  0.000  0.000  0.212  0.000  0.788  0.000  0.000  0.000  0.000  0.000  

l6a2    0.000  0.000  0.000  0.000  0.000  0.000  0.000  0.000  0.000  0.985  0.000  0.000  0.000  0.000  0.000  0.015  

l6b2    0.000  0.000  0.000  0.000  0.000  0.000  0.000  0.000  0.000  0.000  0.941  0.000  0.000  0.000  0.000  0.059  

l789    0.000  0.000  0.000  0.000  0.000  0.000  0.000  0.000  0.000  0.000  0.000  1.000  0.000  0.000  0.000  0.000  

l10a1   0.000  0.000  0.000  0.000  0.000  0.000  0.000  0.000  0.000  0.000  0.000  0.000  0.992  0.000  0.000  0.008  

l10b1   0.000  0.000  0.000  0.000  0.000  0.000  0.000  0.000  0.000  0.000  0.000  0.000  0.000  0.988  0.000  0.012  

l10c1   0.000  0.000  0.000  0.000  0.000  0.000  0.000  0.000  0.000  0.000  0.000  0.000  0.000  0.000  0.999  0.001  

OutS    0.000  0.000  0.000  0.000  0.000  0.000  0.000  0.000  0.000  0.000  0.000  0.000  0.000  0.000  0.000  1.000  

OutF    0.000  0.000  0.000  0.000  0.000  0.000  0.000  0.000  0.000  0.000  0.000  0.000  0.000  0.000  0.000  1.000  

RMS  A-matrix error: 0.051
RMS  A-matrix error: 0.15613473 (27 non zero elements)
Max  A-matrix error: 0.706 (at 13 to 14)
Anomalies:  None
Erasures :  []
