-------------------------- BT to HMM ---------------------------------------------
NSYMBOLS: 150   NEpochs: 1000 
sigma: 2.00    Symbol delta: 2   Ratio:  1.00
----------------------------------------------------------------------------------
 
Original A Matrix
l1      0.000  1.000  0.000  0.000  0.000  0.000  0.000  0.000  0.000  0.000  0.000  0.000  0.000  0.000  0.000  0.000  

l2a1    0.000  0.000  0.900  0.100  0.000  0.000  0.000  0.000  0.000  0.000  0.000  0.000  0.000  0.000  0.000  0.000  

l2b1    0.000  0.000  0.000  0.200  0.000  0.800  0.000  0.000  0.000  0.000  0.000  0.000  0.000  0.000  0.000  0.000  

l2a2    0.000  0.000  0.000  0.000  0.900  0.000  0.000  0.000  0.000  0.000  0.000  0.000  0.000  0.000  0.000  0.100  

l2b2    0.000  0.000  0.000  0.000  0.000  0.900  0.000  0.000  0.000  0.000  0.000  0.000  0.000  0.000  0.000  0.100  

l345    0.000  0.000  0.000  0.000  0.000  0.000  1.000  0.000  0.000  0.000  0.000  0.000  0.000  0.000  0.000  0.000  

l6a1    0.000  0.000  0.000  0.000  0.000  0.000  0.000  0.900  0.000  0.100  0.000  0.000  0.000  0.000  0.000  0.000  

l6b1    0.000  0.000  0.000  0.000  0.000  0.000  0.000  0.000  0.200  0.000  0.800  0.000  0.000  0.000  0.000  0.000  

l6a2    0.000  0.000  0.000  0.000  0.000  0.000  0.000  0.000  0.000  0.900  0.000  0.000  0.000  0.000  0.000  0.100  

l6b2    0.000  0.000  0.000  0.000  0.000  0.000  0.000  0.000  0.000  0.000  0.900  0.000  0.000  0.000  0.000  0.100  

l789    0.000  0.000  0.000  0.000  0.000  0.000  0.000  0.000  0.000  0.000  0.000  1.000  0.000  0.000  0.000  0.000  

l10a1   0.000  0.000  0.000  0.000  0.000  0.000  0.000  0.000  0.000  0.000  0.000  0.000  0.900  0.000  0.000  0.100  

l10b1   0.000  0.000  0.000  0.000  0.000  0.000  0.000  0.000  0.000  0.000  0.000  0.000  0.000  0.750  0.000  0.250  

l10c1   0.000  0.000  0.000  0.000  0.000  0.000  0.000  0.000  0.000  0.000  0.000  0.000  0.000  0.000  0.500  0.500  

OutS    0.000  0.000  0.000  0.000  0.000  0.000  0.000  0.000  0.000  0.000  0.000  0.000  0.000  0.000  0.000  1.000  

OutF    0.000  0.000  0.000  0.000  0.000  0.000  0.000  0.000  0.000  0.000  0.000  0.000  0.000  0.000  0.000  1.000  

New A Matrix
l1      0.000  1.000  0.000  0.000  0.000  0.000  0.000  0.000  0.000  0.000  0.000  0.000  0.000  0.000  0.000  0.000  

l2a1    0.000  0.000  0.871  0.129  0.000  0.000  0.000  0.000  0.000  0.000  0.000  0.000  0.000  0.000  0.000  0.000  

l2b1    0.000  0.000  0.000  0.251  0.000  0.749  0.000  0.000  0.000  0.000  0.000  0.000  0.000  0.000  0.000  0.000  

l2a2    0.000  0.000  0.000  0.000  0.948  0.000  0.000  0.000  0.000  0.000  0.000  0.000  0.000  0.000  0.000  0.052  

l2b2    0.000  0.000  0.000  0.000  0.000  0.941  0.000  0.000  0.000  0.000  0.000  0.000  0.000  0.000  0.000  0.059  

l345    0.000  0.000  0.000  0.000  0.000  0.000  1.000  0.000  0.000  0.000  0.000  0.000  0.000  0.000  0.000  0.000  

l6a1    0.000  0.000  0.000  0.000  0.000  0.000  0.000  0.955  0.000  0.045  0.000  0.000  0.000  0.000  0.000  0.000  

l6b1    0.000  0.000  0.000  0.000  0.000  0.000  0.000  0.000  0.109  0.000  0.891  0.000  0.000  0.000  0.000  0.000  

l6a2    0.000  0.000  0.000  0.000  0.000  0.000  0.000  0.000  0.000  0.644  0.000  0.000  0.000  0.000  0.000  0.356  

l6b2    0.000  0.000  0.000  0.000  0.000  0.000  0.000  0.000  0.000  0.000  0.647  0.000  0.000  0.000  0.000  0.353  

l789    0.000  0.000  0.000  0.000  0.000  0.000  0.000  0.000  0.000  0.000  0.000  1.000  0.000  0.000  0.000  0.000  

l10a1   0.000  0.000  0.000  0.000  0.000  0.000  0.000  0.000  0.000  0.000  0.000  0.000  0.750  0.000  0.000  0.250  

l10b1   0.000  0.000  0.000  0.000  0.000  0.000  0.000  0.000  0.000  0.000  0.000  0.000  0.000  0.948  0.000  0.052  

l10c1   0.000  0.000  0.000  0.000  0.000  0.000  0.000  0.000  0.000  0.000  0.000  0.000  0.000  0.000  0.910  0.090  

OutS    0.000  0.000  0.000  0.000  0.000  0.000  0.000  0.000  0.000  0.000  0.000  0.000  0.000  0.000  0.000  1.000  

OutF    0.000  0.000  0.000  0.000  0.000  0.000  0.000  0.000  0.000  0.000  0.000  0.000  0.000  0.000  0.000  1.000  

RMS  A-matrix error: 0.054
RMS  A-matrix error: 0.16736260 (27 non zero elements)
Max  A-matrix error: 0.506 (at 8 to 9)
Anomalies:  None
Erasures :  []
